"Story","Title","Result","Date","Stability","Duration (s)"
"Redistribution","Voucher match with tolerance","ERROR","2023-11-17T22:16:19.333+08:00[Asia/Shanghai]","0.0","108.89"
